python3 simp.py


PrismModelType.MDP
Number of states: 143
Number of transitions: 520
Labels: {'found', 'end', 'init', 'deadlock'}

1.7999999999999998 2.0 2.0 1.7999999999999998 3.0 1.7999999999999998 2.0 1.800000352859497 1.800000544166565 0.0 2.0 2.0000006437301634 2.000001542708453 0.0 2.0000008821487425 2.0000013604164124 0.0 1.8000001907348633 1.8000004487991332 5.8750000001205 10.588235294118883 0.0 2.0000002002716064 2.000000262260437 2.0000011612387265 2.000000476837158 2.0000011219978333 1.8000001907348633 1.8000004207611084 1.8000002204704284 3.5500000000482 3.8750000001205 8.588235294118883 2.0000001589457197 2.0000012397770424 2.000000238418579 2.00000114440918 2.0000005104962515 2.000000476837158 2.000001051902771 2.000000551176071 1.800000114440918 1.8000002861024673 1.8000004869509887 1.7999999999999998 1.800000544166565 1.800000544166565 3.333333333333341 9.000002259925893 3.7500000002409997 8.5 5.176470588237767 2.000000476837589 2.0000000476837156 2.0000010251998903 2.0 2.000001542708453 2.000001542708453 2.0000002861022947 2.000000715256168 2.0000012173774717 2.0 2.0000013604164124 2.0000013604164124 1.800000286102295 1.7999999999999998 1.7999999999999998 5.750000001204997 5.000002259925892 2.7500000002409997 7.8750000006024985 5.0 10.58823529412589 10.58823529412589 2.000000774159151 2.0 2.0 2.0000007152557373 2.0 2.0 1.7999999999999998 1.800000175590515 1.8000006872177123 1.8000004348754883 6.558823529412589 11.888889112000001 11.888889112000001 2.000000845965217 2.000000499276554 0 2.000000609291946 2.0 2.0000004389762878 2.000001718044281 2.000001087188721 1.800000774383545 1.800000774383545 6.935294117650356 5.117647058825178 0 8.888889112000001 2.0000010755327438 2.0000010755327438 2.0000019359588626 2.0000019359588626 1.80000048828125 13.777778224 13.777778224 2.0000005033281543 2.0000012207031252 1.7999999999999998 7.777778224 2.0 2.0 1.8000003623962404 7.8 2.000000629425049 2.0000009059906008 1.7999999999999998 1.8000007724761962 5.8 1.7999999999999998 2.0000010795593264 2.0 2.0000019311904906 1.8000004863739014 2.0 8.16 2.0000005073547364 2.0000012159347533 1.7999999999999998 5.16 2.0 2.0 1.7999999999999998 2.857142857142857 2.0 2.0 1.7999999999999998 6.0 1.7999999999999998 2.0 2.0

